<?xml version="1.0"?>
<opencv_storage>
<cameraMatrix type_id="opencv-matrix">
  <rows>3</rows>
  <cols>3</cols>
  <dt>d</dt>
  <data>
    6.0057211680245041e+02 0. 3.1807490399921198e+02 0.
    5.9880514725370688e+02 2.4565302167127655e+02 0. 0. 1.</data></cameraMatrix>
<distCoeff type_id="opencv-matrix">
  <rows>1</rows>
  <cols>5</cols>
  <dt>d</dt>
  <data>
    1.1970078522233567e-01 -3.0513050953693516e-01
    6.1538432245854496e-04 -7.7122670817255995e-03
    6.3260294413100299e-02</data></distCoeff>
<rvec0 type_id="opencv-matrix">
  <rows>3</rows>
  <cols>1</cols>
  <dt>d</dt>
  <data>
    -1.6984096957259531e-01 4.7720854188270802e-02
    6.1601528711932904e-02</data></rvec0>
<rvec1 type_id="opencv-matrix">
  <rows>3</rows>
  <cols>1</cols>
  <dt>d</dt>
  <data>
    -3.7383294562872244e-01 3.3363748471708830e-02
    2.8349316190788326e-02</data></rvec1>
<rvec2 type_id="opencv-matrix">
  <rows>3</rows>
  <cols>1</cols>
  <dt>d</dt>
  <data>
    4.9367353924896651e-01 1.9570465297305417e-01
    -1.0612512966435572e-01</data></rvec2>
<rvec3 type_id="opencv-matrix">
  <rows>3</rows>
  <cols>1</cols>
  <dt>d</dt>
  <data>
    3.5872576627162356e-01 -2.6633419790873836e-01
    -1.8379523244814314e-01</data></rvec3>
<rvec4 type_id="opencv-matrix">
  <rows>3</rows>
  <cols>1</cols>
  <dt>d</dt>
  <data>
    3.7595286587526711e-01 4.1504261174612445e-01
    -7.1982592178970364e-02</data></rvec4>
<rvec5 type_id="opencv-matrix">
  <rows>3</rows>
  <cols>1</cols>
  <dt>d</dt>
  <data>
    3.8473504735514186e-01 2.7738089633405089e-01
    -6.6291899908296370e-01</data></rvec5>
<rvec6 type_id="opencv-matrix">
  <rows>3</rows>
  <cols>1</cols>
  <dt>d</dt>
  <data>
    -2.2384549271236007e-01 1.8305232621937143e-01
    -1.7545620293649816e-01</data></rvec6>
<rvec7 type_id="opencv-matrix">
  <rows>3</rows>
  <cols>1</cols>
  <dt>d</dt>
  <data>
    1.5248873708455488e-01 1.5412707017764235e-01
    -1.5113496432415072e-01</data></rvec7>
<tvec0 type_id="opencv-matrix">
  <rows>3</rows>
  <cols>1</cols>
  <dt>d</dt>
  <data>
    -3.6507553515700391e+00 -2.5387428222635648e+00
    1.5845112436842916e+01</data></tvec0>
<tvec1 type_id="opencv-matrix">
  <rows>3</rows>
  <cols>1</cols>
  <dt>d</dt>
  <data>
    -3.8596875499933638e+00 -2.7735251655381168e+00
    1.4788710567174697e+01</data></tvec1>
<tvec2 type_id="opencv-matrix">
  <rows>3</rows>
  <cols>1</cols>
  <dt>d</dt>
  <data>
    -4.9649177016240404e+00 -1.4078147426071808e+00
    1.2780190800759749e+01</data></tvec2>
<tvec3 type_id="opencv-matrix">
  <rows>3</rows>
  <cols>1</cols>
  <dt>d</dt>
  <data>
    -5.3705115447574583e+00 -1.2497052171891865e+00
    1.3147696727341801e+01</data></tvec3>
<tvec4 type_id="opencv-matrix">
  <rows>3</rows>
  <cols>1</cols>
  <dt>d</dt>
  <data>
    -4.0687789201784517e+00 -2.4820081910722460e+00
    1.4846394846157910e+01</data></tvec4>
<tvec5 type_id="opencv-matrix">
  <rows>3</rows>
  <cols>1</cols>
  <dt>d</dt>
  <data>
    -4.4349835691667581e+00 1.1547510470024720e+00
    1.5861303932916675e+01</data></tvec5>
<tvec6 type_id="opencv-matrix">
  <rows>3</rows>
  <cols>1</cols>
  <dt>d</dt>
  <data>
    -3.9085498138363355e+00 -2.3824030442383299e+00
    1.4365334187616497e+01</data></tvec6>
<tvec7 type_id="opencv-matrix">
  <rows>3</rows>
  <cols>1</cols>
  <dt>d</dt>
  <data>
    -3.6481928603663492e+00 -1.4897926887367356e+00
    1.3074721105151852e+01</data></tvec7>
</opencv_storage>
