<?xml version="1.0"?>
<opencv_storage>
<cam2calHM type_id="opencv-matrix">
  <rows>4</rows>
  <cols>4</cols>
  <dt>d</dt>
  <data>
    6.4768234717185391e-01 -1.6158182656973821e-01
    -7.6779412274915956e-02 0. -3.2946960157486542e-02
    -2.0488546790631956e-01 -4.0793658217792939e-01 0.
    6.7097032788997660e-02 5.7805759519876965e-01
    -9.9974601305805558e-02 0. -2.6506504900366368e-01
    -9.4971276396916693e-01 2.8786459419698784e-01 1.</data></cam2calHM>
</opencv_storage>
