<?xml version="1.0"?>
<opencv_storage>
<cam2calHM type_id="opencv-matrix">
  <rows>4</rows>
  <cols>4</cols>
  <dt>d</dt>
  <data>
    6.7446351430354590e-01 1.9068027201980461e-04
    -1.1369985676844641e-01 4.0245584642661925e-16
    -1.4676949558927693e-01 -3.2032972523951442e-01
    -5.4981305371856837e-01 5.1625370645069779e-15
    -2.1515480955759711e-02 4.8576215781461846e-01
    -2.0856910740245177e-01 3.0253577421035516e-15
    -2.2199859864983446e-01 -9.2797020096660809e-01
    3.6781513810649891e-01 9.9999999999999756e-01</data></cam2calHM>
</opencv_storage>
