<?xml version="1.0"?>
<opencv_storage>
<cam2calHM type_id="opencv-matrix">
  <rows>4</rows>
  <cols>4</cols>
  <dt>d</dt>
  <data>
    5.9330852018268043e-01 5.2531117639247601e-02
    -6.1328191248194802e-02 -1.9021242914085690e-15
    -2.4267751123522266e-02 -3.8208398126282872e-01
    -6.2067542680593091e-01 2.0469737016526324e-16
    -6.3182324631189432e-02 4.9406571820036344e-01
    -1.4424462552521281e-01 -3.6166816069771457e-15
    -2.7253625379953422e-01 -9.0635998489894709e-01
    3.2303336298776086e-01 1.0000000000000029e+00</data></cam2calHM>
</opencv_storage>
