<?xml version="1.0"?>
<opencv_storage>
<cam2calHM type_id="opencv-matrix">
  <rows>4</rows>
  <cols>4</cols>
  <dt>d</dt>
  <data>
    7.0056713992676511e-01 4.2998091082086271e-02
    -1.5838460877893984e-01 -2.1228678537266177e-16
    -1.0903172774164135e-01 -2.0199029481607148e-01
    -7.6370153504125560e-01 7.7438055967604669e-15
    -5.1061654252335512e-02 5.0674687117486217e-01
    -2.1609983116237419e-01 7.7715611723760958e-16
    -2.5342661403029160e-01 -9.8549471970022118e-01
    3.9835767067023037e-01 9.9999999999999878e-01</data></cam2calHM>
</opencv_storage>
