<?xml version="1.0"?>
<opencv_storage>
<cameraMatrix type_id="opencv-matrix">
  <rows>3</rows>
  <cols>3</cols>
  <dt>d</dt>
  <data>
    5.9128835230902757e+02 0. 3.0772306256775607e+02 0.
    5.9250731248244244e+02 2.7597561014377010e+02 0. 0. 1.</data></cameraMatrix>
<distCoeff type_id="opencv-matrix">
  <rows>1</rows>
  <cols>5</cols>
  <dt>d</dt>
  <data>
    -4.2124205716498400e-02 4.8787253587929957e-01
    1.6190092840702490e-02 -1.3544173150956620e-02
    -1.5331657992549348e+00</data></distCoeff>
<rvec0 type_id="opencv-matrix">
  <rows>3</rows>
  <cols>1</cols>
  <dt>d</dt>
  <data>
    -2.4063949498173848e-01 1.1411919361802698e-01
    -6.1628986715319689e-03</data></rvec0>
<rvec1 type_id="opencv-matrix">
  <rows>3</rows>
  <cols>1</cols>
  <dt>d</dt>
  <data>
    1.1535013921418962e-02 2.2985238499568465e-02
    -3.0063604863629981e-02</data></rvec1>
<rvec2 type_id="opencv-matrix">
  <rows>3</rows>
  <cols>1</cols>
  <dt>d</dt>
  <data>
    -1.3920730508109200e-01 1.0425846665120948e-01
    3.0105344776987085e-02</data></rvec2>
<rvec3 type_id="opencv-matrix">
  <rows>3</rows>
  <cols>1</cols>
  <dt>d</dt>
  <data>
    -1.6609830650508906e-01 -3.4506776994359900e-01
    -1.6892285726428119e-01</data></rvec3>
<rvec4 type_id="opencv-matrix">
  <rows>3</rows>
  <cols>1</cols>
  <dt>d</dt>
  <data>
    -4.9516808528457501e-01 -1.4372650820353451e-02
    -6.2237300204691245e-02</data></rvec4>
<rvec5 type_id="opencv-matrix">
  <rows>3</rows>
  <cols>1</cols>
  <dt>d</dt>
  <data>
    -2.8678926141691213e-01 1.8044163058260548e-01
    -4.9906749906090840e-03</data></rvec5>
<rvec6 type_id="opencv-matrix">
  <rows>3</rows>
  <cols>1</cols>
  <dt>d</dt>
  <data>
    -2.6167926838103250e-01 -2.9617092244384580e-01
    -1.1990433586867451e-01</data></rvec6>
<rvec7 type_id="opencv-matrix">
  <rows>3</rows>
  <cols>1</cols>
  <dt>d</dt>
  <data>
    2.7804077193830060e-02 -5.9682840862082316e-02
    -2.0512886769291888e-01</data></rvec7>
<rvec8 type_id="opencv-matrix">
  <rows>3</rows>
  <cols>1</cols>
  <dt>d</dt>
  <data>
    -1.4588703457299290e-01 9.1579739947905553e-02
    2.8837515447057421e-01</data></rvec8>
<rvec9 type_id="opencv-matrix">
  <rows>3</rows>
  <cols>1</cols>
  <dt>d</dt>
  <data>
    -1.8828078197386253e-01 -3.4720417312338442e-01
    -2.0472399952461809e-01</data></rvec9>
<rvec10 type_id="opencv-matrix">
  <rows>3</rows>
  <cols>1</cols>
  <dt>d</dt>
  <data>
    -1.1920184869809805e-01 -1.1609928070272732e-01
    -1.7069547445378347e-01</data></rvec10>
<tvec0 type_id="opencv-matrix">
  <rows>3</rows>
  <cols>1</cols>
  <dt>d</dt>
  <data>
    -1.6346872935012255e+00 -2.4015269029482442e+00
    1.6959493984784643e+01</data></tvec0>
<tvec1 type_id="opencv-matrix">
  <rows>3</rows>
  <cols>1</cols>
  <dt>d</dt>
  <data>
    -3.3398654929797722e+00 -3.2534593540069539e+00
    1.5675011743569538e+01</data></tvec1>
<tvec2 type_id="opencv-matrix">
  <rows>3</rows>
  <cols>1</cols>
  <dt>d</dt>
  <data>
    -2.9869502006000253e+00 -3.4768421174855084e+00
    1.6518659091769749e+01</data></tvec2>
<tvec3 type_id="opencv-matrix">
  <rows>3</rows>
  <cols>1</cols>
  <dt>d</dt>
  <data>
    -4.8620373850792546e+00 -4.3096014051770251e+00
    1.5939172913942116e+01</data></tvec3>
<tvec4 type_id="opencv-matrix">
  <rows>3</rows>
  <cols>1</cols>
  <dt>d</dt>
  <data>
    -3.4782579556592852e+00 -2.3421551316069809e+00
    2.0353259416516380e+01</data></tvec4>
<tvec5 type_id="opencv-matrix">
  <rows>3</rows>
  <cols>1</cols>
  <dt>d</dt>
  <data>
    -1.4024658931621061e+00 -2.4121409969981795e+00
    1.9364341994935863e+01</data></tvec5>
<tvec6 type_id="opencv-matrix">
  <rows>3</rows>
  <cols>1</cols>
  <dt>d</dt>
  <data>
    -3.4114529657913102e+00 -3.6381511592429812e+00
    1.4274882678799614e+01</data></tvec6>
<tvec7 type_id="opencv-matrix">
  <rows>3</rows>
  <cols>1</cols>
  <dt>d</dt>
  <data>
    -3.4402565748371390e+00 -2.7415753972231371e+00
    1.6776560841865699e+01</data></tvec7>
<tvec8 type_id="opencv-matrix">
  <rows>3</rows>
  <cols>1</cols>
  <dt>d</dt>
  <data>
    -2.3759187767720804e+00 -5.6210864617746408e+00
    1.8522297061393264e+01</data></tvec8>
<tvec9 type_id="opencv-matrix">
  <rows>3</rows>
  <cols>1</cols>
  <dt>d</dt>
  <data>
    -5.5138840974123475e+00 -3.3749477570417410e+00
    1.4931219371213041e+01</data></tvec9>
<tvec10 type_id="opencv-matrix">
  <rows>3</rows>
  <cols>1</cols>
  <dt>d</dt>
  <data>
    -4.3550141421265405e+00 -3.3423423814382192e+00
    1.9924705319974027e+01</data></tvec10>
</opencv_storage>
