<?xml version="1.0"?>
<opencv_storage>
<cam2calHM type_id="opencv-matrix">
  <rows>4</rows>
  <cols>4</cols>
  <dt>d</dt>
  <data>
    6.9979254345107345e-01 -2.7766521861593660e-02
    -9.4924878520929665e-02 2.4980018054066022e-16
    -7.6314956129807821e-02 -3.7292844247565743e-01
    -6.5939491519581850e-01 2.7755575615628914e-16
    -2.3775510041204671e-02 5.0285796736582489e-01
    -1.5144065703059589e-01 -4.8572257327350599e-16
    -2.6864931552176979e-01 -9.0598528140756729e-01
    3.7023937411287722e-01 1.</data></cam2calHM>
</opencv_storage>
