<?xml version="1.0"?>
<opencv_storage>
<cam2calHM2 type_id="opencv-matrix">
  <rows>4</rows>
  <cols>4</cols>
  <dt>d</dt>
  <data>
    2.4444046779780295e-04 -9.9943346949150669e-01
    3.3655316207472523e-02 1.1483255910327826e-01
    -9.9454543616929725e-01 3.2674134576291436e-03
    1.0425305465125279e-01 -3.2947934024792604e-02
    -1.0430395794828637e-01 -3.3497224802424612e-02
    -9.9398119714955058e-01 1.6469400801961590e-02 0. 0. 0. 1.</data></cam2calHM2>
</opencv_storage>
