<?xml version="1.0"?>
<opencv_storage>
<cam2calHM type_id="opencv-matrix">
  <rows>4</rows>
  <cols>4</cols>
  <dt>d</dt>
  <data>
    7.3000263599205906e-01 7.0419478941339056e-02
    -1.0018966811563064e-01 1.4398204850607499e-16
    -1.7550675642803590e-01 -4.0869016351864029e-01
    -6.8585150886549795e-01 -3.8857805861880479e-16
    -1.2420773206194138e-01 4.4260965501089089e-01
    -2.0333635147708864e-01 4.8572257327350599e-16
    -2.2882337246356144e-01 -9.2719116008348923e-01
    3.6604575663298416e-01 9.9999999999999978e-01</data></cam2calHM>
</opencv_storage>
