<?xml version="1.0"?>
<opencv_storage>
<cam2calHM2 type_id="opencv-matrix">
  <rows>4</rows>
  <cols>4</cols>
  <dt>d</dt>
  <data>
    9.8010771864061197e-01 5.3010827016002737e-02
    -1.9125561973488506e-01 -2.1062186102450633e-01
    1.6082265474155599e-01 -7.7682268895280582e-01
    6.0883707479917104e-01 -9.8409230426671390e-01
    -1.1629674794668073e-01 -6.2748415290524528e-01
    -7.6989525538855852e-01 6.7883742667179348e-01 0. 0. 0. 1.</data></cam2calHM2>
</opencv_storage>
