--------------------------------------
Method 2
[[-0.00675176 -0.99990257 -0.01221777]
 [-0.99830371  0.00603339  0.05790761]
 [-0.05782826  0.01258802 -0.99824718]]
[[0.10163118]
 [0.01030789]
 [0.00225024]]
--------------------------------------
Distance: 0.102177
--------------------------------------
######
[[-0.00675176 -0.99990257 -0.01221777  0.10163118]
 [-0.99830371  0.00603339  0.05790761  0.01030789]
 [-0.05782826  0.01258802 -0.99824718  0.00225024]
 [ 0.          0.          0.          1.        ]]
Checkpoint: 
[[ 0.97389491 -0.13063661 -0.18564153 -0.18873758]
 [ 0.08947824 -0.53066673  0.84284427 -1.16596656]
 [-0.2086201  -0.83745263 -0.5051245   0.52576922]
 [ 0.          0.          0.          1.        ]]
######
[[-0.00675176 -0.99990257 -0.01221777  0.10163118]
 [-0.99830371  0.00603339  0.05790761  0.01030789]
 [-0.05782826  0.01258802 -0.99824718  0.00225024]
 [ 0.          0.          0.          1.        ]]
Checkpoint:
[[ 0.97494545 -0.13700114 -0.17524856 -0.20550643]
 [ 0.08262484 -0.50843256  0.85712862 -1.17088621]
 [-0.20652967 -0.85013353 -0.48437431  0.50030424]
 [ 0.          0.          0.          1.        ]]
######
[[-0.00675176 -0.99990257 -0.01221777  0.10163118]
 [-0.99830371  0.00603339  0.05790761  0.01030789]
 [-0.05782826  0.01258802 -0.99824718  0.00225024]
 [ 0.          0.          0.          1.        ]]
Checkpoint:
[[ 0.9711778  -0.14306522 -0.19064632 -0.20035981]
 [ 0.0874005  -0.53038289  0.84324086 -1.16597428]
 [-0.22175399 -0.83559939 -0.50259212  0.51692761]
 [ 0.          0.          0.          1.        ]]
######
[[-0.00675176 -0.99990257 -0.01221777  0.10163118]
 [-0.99830371  0.00603339  0.05790761  0.01030789]
 [-0.05782826  0.01258802 -0.99824718  0.00225024]
 [ 0.          0.          0.          1.        ]]
Checkpoint: 
[[ 0.972752   -0.13735453 -0.18678137 -0.18500381]
 [ 0.09152259 -0.51270114  0.85367509 -1.16655727]
 [-0.21301916 -0.84750886 -0.48616002  0.50786208]
 [ 0.          0.          0.          1.        ]]
######
[[-0.00675176 -0.99990257 -0.01221777  0.10163118]
 [-0.99830371  0.00603339  0.05790761  0.01030789]
 [-0.05782826  0.01258802 -0.99824718  0.00225024]
 [ 0.          0.          0.          1.        ]]
Checkpoint:
[[ 0.97165898 -0.14997546 -0.18271885 -0.19927964]
 [ 0.08041556 -0.51715005  0.85210866 -1.17625594]
 [-0.22228845 -0.84265247 -0.49043314  0.51344882]
 [ 0.          0.          0.          1.        ]]
######
[[-0.00675176 -0.99990257 -0.01221777  0.10163118]
 [-0.99830371  0.00603339  0.05790761  0.01030789]
 [-0.05782826  0.01258802 -0.99824718  0.00225024]
 [ 0.          0.          0.          1.        ]]
Checkpoint:
[[ 0.9733378  -0.13515482 -0.18532863 -0.20049613]
 [ 0.08924845 -0.52114795  0.84878709 -1.17665154]
 [-0.2113013  -0.84269685 -0.49519065  0.51915784]
 [ 0.          0.          0.          1.        ]]
######
[[-0.00675176 -0.99990257 -0.01221777  0.10163118]
 [-0.99830371  0.00603339  0.05790761  0.01030789]
 [-0.05782826  0.01258802 -0.99824718  0.00225024]
 [ 0.          0.          0.          1.        ]]
Checkpoint:
[[ 0.97511834 -0.13840368 -0.17317228 -0.20868571]
 [ 0.07929437 -0.51172419  0.85548276 -1.17345   ]
 [-0.20701841 -0.84792852 -0.48801701  0.50980641]
 [ 0.          0.          0.          1.        ]]
--------------------------------------