<?xml version="1.0"?>
<opencv_storage>
<cam2calHM2 type_id="opencv-matrix">
  <rows>4</rows>
  <cols>4</cols>
  <dt>d</dt>
  <data>
    6.0485643475340878e-01 -7.9630416782998770e-01
    6.9545405302072205e-03 5.2597121726280643e-02
    -7.9600471612945090e-01 -6.0433153934425154e-01
    3.4057047045796429e-02 5.1183652832615861e-02
    -2.2916920322497550e-02 -2.6135471114907900e-02
    -9.9939569336301126e-01 -1.2286689833439163e-02 0. 0. 0. 1.</data></cam2calHM2>
</opencv_storage>
