<?xml version="1.0"?>
<opencv_storage>
<cam2calHM2 type_id="opencv-matrix">
  <rows>4</rows>
  <cols>4</cols>
  <dt>d</dt>
  <data>
    9.7872716407004423e-01 -8.1043380466577913e-02
    -1.8848105685707928e-01 -2.1015209760277670e-01
    1.2225456892773841e-01 -5.0738946237404925e-01
    8.5300044188034629e-01 -1.1697589047933019e+00
    -1.6476334145587407e-01 -8.5789737378915276e-01
    -4.8668792604498973e-01 4.8607021918167925e-01 0. 0. 0. 1.</data></cam2calHM2>
</opencv_storage>
