<?xml version="1.0"?>
<opencv_storage>
<cam2calHM2 type_id="opencv-matrix">
  <rows>4</rows>
  <cols>4</cols>
  <dt>d</dt>
  <data>
    9.9086289783160109e-01 6.6133617017173213e-02
    -1.1754600121224407e-01 -2.2398186909113099e-01
    1.2781235191709045e-01 -7.3871470968381503e-01
    6.6178892435139691e-01 -1.0115410015680968e+00
    -4.3066464890733937e-02 -6.7076592220906905e-01
    -7.4041769103988364e-01 6.4094249794478930e-01 0. 0. 0. 1.</data></cam2calHM2>
</opencv_storage>
