<?xml version="1.0"?>
<opencv_storage>
<cameraMatrix type_id="opencv-matrix">
  <rows>3</rows>
  <cols>3</cols>
  <dt>d</dt>
  <data>
    9.1368801548709484e+02 0. 6.6151247783964504e+02 0.
    9.1467703886419929e+02 3.6319094451596521e+02 0. 0. 1.</data></cameraMatrix>
<distCoeff type_id="opencv-matrix">
  <rows>1</rows>
  <cols>5</cols>
  <dt>d</dt>
  <data>
    1.5311995856605465e-01 -2.9600626391236451e-01
    4.6049703294284055e-03 -7.6647014774793877e-04
    -6.5916385355320142e-02</data></distCoeff>
</opencv_storage>
