<?xml version="1.0"?>
<opencv_storage>
<HEMatrix type_id="opencv-matrix">
  <rows>4</rows>
  <cols>4</cols>
  <dt>d</dt>
  <data>
    9.6323535436855745e-01 -5.6261850402892020e-02
    -2.6270183913274087e-01 -1.8207541690884699e-01
    1.2472608829637012e-01 -7.7241418040435794e-01
    6.2275174572902703e-01 -9.7505610849549817e-01
    -2.3795179132077973e-01 -6.3262227126422521e-01
    -7.3699932626002285e-01 6.6866931746609737e-01 0. 0. 0. 1.</data></HEMatrix>
</opencv_storage>
