<?xml version="1.0"?>
<opencv_storage>
<HEMatrix type_id="opencv-matrix">
  <rows>4</rows>
  <cols>4</cols>
  <dt>d</dt>
  <data>
    9.9568966432330697e-01 3.2447463483933785e-02
    -8.6886445854330044e-02 -1.8337761317364543e-01
    8.4819181269605151e-02 -6.9754425041662604e-01
    7.1150384763503627e-01 -1.0025107762440486e+00
    -3.7520645630007322e-02 -7.1580666441726137e-01
    -6.9728976783496632e-01 6.7045403988128849e-01 0. 0. 0. 1.</data></HEMatrix>
</opencv_storage>
